9354
9441
9497
9588
9893
9920
10024
10164
10180
10300
10502
10542
10976
11106
11428
11907
11933
11998
12005
12065
12099
12108
12275
12306
12356
12509
12519
12549
12781
12819
12959
13239
13411
13662
13797
13828
13859
14179
14191
14414
14433
14563
14681
14777
14842
14847
14975
15078
15124
15165
15267
15411
15519
15601
15637
15664
15712
15730
15748
15804
15821
15839
15907
16054
16105
16117
16222
16268
16642
16712
16729
16776
16825
16889
16915
16983
17026
17110
17170
17247
17272
17700
17723
17725
17885
17930
17960
18014
18376
18551
18566
18590
18619
18949
18964
18980
19087
19144
19199
19298
19363
19428
19509
19708
19917
19918
20003
20091
20184
20199
20418
20429
20677
20772
20909
20943
21073
21186
21239
21310
21448
21539
21573
21610
21642
21725
21757
21788
22031
22235
22255
22350
22541
22613
22636
22708
22813
22970
23142
23221
23400
23582
23733
23737
23815
23826
23921
24014
24039
24184
24235
24275
24397
24476
24520
24685
24700
24846
24957
25012
25026
25126
25198
25212
25392
25520
25525
25622
25700
25912
26017
26074
26191
26214
26247
26348
26487
26626
26648
26653
26779
26921
26934
26963
27103
27177
27189
27411
27509
27525
27733
27894
27970
28441
28505
28516
28691
28777
29106
29263
29430
29529
29604
29715
29874
29927
29970
29993
30022
30130
30161
30231
30343
30400
30405
30459
30489
30638
30664
30880
31181
31244
31424
31487
31646
31742
31775
31784
31904
31922
32013
32147
32278
32290
32403
32526
32542
32759
32780
32840
32908
32982
32986
33003
33032
33043
33150
33156
33171
33435
33541
33747
33791
33974
34019
34195
34387
34434
34454
34592
34645
34840
34869
35231
35331
35413
35413
35555
35600
35643
35774
35851
36364
36369
36382
36425
36548
36591
36728
36930
37028
37099
37106
37184
37288
37338
37374
37465
37465
37477
37560
37741
37746
37758
37856
37864
38028
38112
38199
38472
38587
38686
38760
38795
38909
39220
39383
39432
39530
39599
39610
39683
39805
39834
39900
40110
40145
40186
40213
40251
40319
40397
40408
40421
40538
40563
40576
40702
40711
40731
40805
40913
41025
41050
41160
41284
41344
41391
41620
41665
41706
41823
41944
41989
42343
42885
42971
43086
43145
43197
43285
43289
43378
43382
43618
43624
43691
43704
43716
43717
43750
43858
